start at Mon May  2 10:45:40 2022
[25, 26, 27, 28, 29, 30, 31, 32, 33, 34, 35, 36, 37, 38, 39, 40, 41, 42, 43, 44, 45, 46, 47, 48, 49, 50, 51, 52, 53, 54, 55, 56, 57, 58, 59, 60, 61, 62, 63, 64, 65, 66, 67, 68, 69, 70, 71, 72, 73, 74, 75, 76, 77, 78, 79, 80, 81, 82, 83, 84, 85, 86, 87, 88, 89, 90, 91, 92, 93, 94, 95, 96, 97, 98, 99, 100, 101, 102, 103, 104, 105, 106, 107, 108, 109, 110, 111, 112, 113, 114, 115, 116, 117, 118, 119, 120, 121, 122, 123, 124, 125, 126, 127, 128, 129, 130, 131, 132, 133, 134, 135, 136, 137, 138, 139, 140, 141, 142, 143, 144, 145, 146, 147, 148, 149, 150, 151, 152, 153, 154, 155, 156, 157, 158, 159, 160, 161, 162, 163, 164, 165, 166, 167, 168, 169, 170, 171, 172, 173, 174, 175, 176, 177, 178, 179, 180, 181, 182, 183, 184, 185, 186, 187, 188, 189, 190, 191, 192, 193, 194, 195, 196, 197, 198, 199, 200, 201, 202, 203, 204, 205, 206, 207, 208, 209, 210, 211, 212, 213, 214, 215, 216, 217, 218, 219, 220, 221, 222, 223, 224, 225, 226, 227]
           0         1         2         3    ...  199  200       201       202
0     0.053622  0.209428  0.047630  0.203448  ...  0.0    0  0.000000  0.062500
1     0.116804  0.188444  0.281166  0.137945  ...  0.0    0  0.000000  0.040000
2     0.289360  0.204498  0.132327  0.103847  ...  0.0    0  0.000000  0.000000
3     0.103282  0.138281  0.153421  0.276783  ...  0.0    0  0.030303  0.060606
4    -0.183642 -0.183156 -0.092482 -0.024022  ...  0.0    0  0.000000  0.000000
...        ...       ...       ...       ...  ...  ...  ...       ...       ...
5762  0.349036 -0.161185 -0.090473 -0.035997  ...  0.0    0  0.000000  0.000000
5763 -0.059665  0.276008  0.238281 -0.002964  ...  0.0    0  0.040000  0.040000
5764  0.115386  0.230618  0.071353  0.308812  ...  0.0    0  0.058824  0.000000
5765  0.152437  0.177130  0.117331  0.067590  ...  0.0    0  0.000000  0.071429
5766  0.049895  0.013685  0.082900  0.040117  ...  0.0    0  0.000000  0.105263

[5767 rows x 203 columns]
           0         1         2         3    ...       199  200       201       202
5767 -0.068656  0.210242 -0.322350  0.195177  ...  0.000000    0  0.000000  0.000000
5768  0.418786  0.002901  0.082181  0.141452  ...  0.000000    0  0.000000  0.000000
5769  0.299615  0.116348  0.210337  0.159436  ...  0.000000    0  0.000000  0.000000
5770 -0.037340 -0.036743  0.104647  0.146810  ...  0.000000    0  0.000000  0.000000
5771  0.144603  0.162651  0.148448  0.130331  ...  0.058824    0  0.000000  0.047619
...        ...       ...       ...       ...  ...       ...  ...       ...       ...
6262  0.045557 -0.461240 -0.020139  0.248487  ...  0.083333    0  0.133333  0.066667
6263  0.183655  0.175051 -0.096787 -0.009051  ...  0.000000    0  0.105263  0.052632
6264 -0.018771  0.214963  0.023339  0.447045  ...  0.000000    0  0.000000  0.111111
6265  0.145921  0.116602  0.189404  0.282815  ...  0.000000    0  0.000000  0.055556
6266  0.181910 -0.216351  0.160374 -0.280981  ...  0.000000    0  0.000000  0.000000

[500 rows x 203 columns]
           0         1         2         3    ...       199  200       201       202
6267  0.280244  0.154490  0.046528  0.220262  ...  0.000000    0  0.000000  0.090909
6268  0.001060  0.203067  0.097536  0.174069  ...  0.000000    0  0.000000  0.066667
6269  0.329973  0.057923  0.108257  0.193619  ...  0.000000    0  0.000000  0.000000
6270  0.245654 -0.098154  0.136297  0.020738  ...  0.043478    0  0.033333  0.000000
6271  0.193475  0.235131  0.112366  0.094048  ...  0.105263    0  0.038462  0.000000
...        ...       ...       ...       ...  ...       ...  ...       ...       ...
7262  0.196092  0.009017 -0.359092 -0.285940  ...  0.000000    0  0.000000  0.000000
7263  0.073274  0.047906  0.188785 -0.004105  ...  0.000000    0  0.000000  0.000000
7264 -0.004476  0.017494 -0.063181  0.379265  ...  0.000000    0  0.000000  0.000000
7265  0.397030  0.221022  0.199357  0.112801  ...  0.000000    0  0.000000  0.000000
7266  0.315833  0.158056  0.040965  0.265132  ...  0.000000    0  0.000000  0.000000

[1000 rows x 203 columns]
SpearmanrResult(correlation=0.5801507012397896, pvalue=2.5945622685955646e-46)
SpearmanrResult(correlation=0.5678336857646437, pvalue=1.957211658491229e-86)
t = 0 valida_mae = 0.423496 test_MAE = 0.424451 C = 20.187500 gamma = 0.001000
0.4234960682885093
[20.1875, 0.001]
finished at Mon May  2 10:45:52 2022
Time elapsed 11.687114953994751
