start at Mon May  9 23:23:51 2022
[3, 4, 5, 6, 7, 8, 9, 10, 11, 12, 13, 14, 15, 16, 17, 18, 19, 20, 21, 22, 23, 24, 225, 226, 227, 228, 229, 230, 231]
            0   1         2         3    4   ...        24  25  26  27  28
0     3.533333  30  0.200000  0.366667  0.0  ...  0.062500   0   2   3   0
1     3.826087  23  0.130435  0.521739  0.0  ...  0.040000   0   0   1   1
2     3.875000  16  0.375000  0.312500  0.0  ...  0.000000   0   0   2   1
3     3.354839  31  0.354839  0.354839  0.0  ...  0.060606   0   0   2   0
4     5.000000   6  0.666667  0.666667  0.0  ...  0.000000   0   0   1   0
...        ...  ..       ...       ...  ...  ...       ...  ..  ..  ..  ..
5762  5.454545  22  0.363636  0.045455  0.0  ...  0.000000   0   1   1   0
5763  5.136364  22  0.181818  0.318182  0.0  ...  0.040000   1   1   0   0
5764  3.000000  17  0.235294  0.235294  0.0  ...  0.000000   0   0   1   0
5765  3.000000  14  0.000000  0.142857  0.0  ...  0.071429   0   0   1   0
5766  3.642857  14  0.500000  0.642857  0.0  ...  0.105263   0   1   0   1

[5767 rows x 29 columns]
            0   1         2         3      4   ...        24  25  26  27  28
5767  5.666667   6  0.333333  0.000000  0.000  ...  0.000000   0   0   1   0
5768  4.000000   8  0.625000  1.000000  0.125  ...  0.000000   0   0   0   0
5769  3.416667  12  0.583333  0.416667  0.000  ...  0.000000   0   1   0   0
5770  3.500000   8  0.500000  0.625000  0.000  ...  0.000000   0   1   0   0
5771  5.000000  17  0.352941  0.411765  0.000  ...  0.047619   0   2   0   1
...        ...  ..       ...       ...    ...  ...       ...  ..  ..  ..  ..
6262  3.750000  12  0.583333  0.250000  0.000  ...  0.066667   1   2   0   0
6263  4.611111  18  0.222222  0.111111  0.000  ...  0.052632   1   0   2   0
6264  4.285714   7  0.428571  0.714286  0.000  ...  0.111111   0   0   2   0
6265  3.750000  16  0.437500  0.312500  0.000  ...  0.055556   0   1   2   1
6266  4.000000   5  0.600000  1.200000  0.000  ...  0.000000   0   0   0   0

[500 rows x 29 columns]
            0   1         2         3         4   ...        24  25  26  27  28
6267  3.555556   9  0.222222  0.555556  0.000000  ...  0.090909   0   1   1   0
6268  3.538462  13  0.307692  0.384615  0.000000  ...  0.066667   0   0   1   0
6269  2.583333  12  0.666667  0.416667  0.000000  ...  0.000000   0   0   0   1
6270  4.695652  23  0.608696  0.434783  0.000000  ...  0.000000   0   0   0   1
6271  4.736842  19  0.526316  0.631579  0.000000  ...  0.000000   1   1   0   0
...        ...  ..       ...       ...       ...  ...       ...  ..  ..  ..  ..
7262  5.333333   9  0.444444  0.333333  0.111111  ...  0.000000   0   0   1   0
7263  5.444444  18  0.611111  0.222222  0.000000  ...  0.000000   0   2   0   0
7264  3.875000   8  0.750000  0.625000  0.000000  ...  0.000000   0   0   1   0
7265  4.583333  12  0.250000  0.583333  0.000000  ...  0.000000   0   0   1   0
7266  2.750000   8  0.500000  0.875000  0.000000  ...  0.000000   0   0   1   0

[1000 rows x 29 columns]
SpearmanrResult(correlation=0.7048113352097041, pvalue=2.7950088864511614e-76)
SpearmanrResult(correlation=0.6615532664699828, pvalue=6.814563914167493e-127)
t = 0 valida_mae = 0.367003 test_MAE = 0.396554 C = 19.562500 gamma = 0.001000
0.3670031331206699
[19.5625, 0.001]
finished at Mon May  9 23:23:54 2022
Time elapsed 2.6751019954681396
