start at Mon May  9 00:04:12 2022
[3, 4, 5, 6, 7, 8, 9, 10, 12, 13, 14, 15, 16, 17, 18, 19, 20, 21, 22, 23, 24, 25, 26, 27, 28, 29, 30, 31, 32, 33, 34, 35, 36, 37, 38, 39, 40, 41, 42, 43, 44, 45, 46, 47, 48, 49, 50, 51, 52, 53, 54, 55, 56, 57, 58, 59, 60, 61, 62, 63, 64, 65, 66, 67, 68, 69, 70, 71, 72, 73, 74, 75, 76, 77, 78, 79, 80, 81, 82, 83, 84, 85, 86, 87, 88, 89, 90, 91, 92, 93, 94, 95, 96, 97, 98, 99, 100, 101, 102, 103, 104, 105, 106, 107, 108, 109, 110, 111, 112, 113, 114, 115, 116, 117, 118, 119, 120, 121, 122, 123, 124, 125, 126, 127, 128, 129, 130, 131, 132, 133, 134, 135, 136, 137, 138, 139, 140, 141, 142, 143, 144, 145, 146, 147, 148, 149, 150, 151, 152, 153, 154, 155, 156, 157, 158, 159, 160, 161, 162, 163, 164, 165, 166, 167, 168, 169, 170, 171, 172, 173, 174, 175, 176, 177, 178, 179, 180, 181, 182, 183, 184, 185, 186, 187, 188, 189, 190, 191, 192, 193, 194, 195, 196, 197, 198, 199, 200, 201, 202, 203, 204, 205, 206, 207, 208, 209, 210, 211, 212, 213, 214, 215, 216, 217, 218, 219, 220, 221, 222, 223, 224, 225, 226, 227, 229, 230, 231]
           0    1         2         3    4    ...       222       223  224  225  226
0     3.533333   30  0.200000  0.366667  0.0  ...  0.000000  0.062500    2    3    0
1     3.826087   23  0.130435  0.521739  0.0  ...  0.000000  0.040000    0    1    1
2     3.875000   16  0.375000  0.312500  0.0  ...  0.000000  0.000000    0    2    1
3     3.354839   31  0.354839  0.354839  0.0  ...  0.030303  0.060606    0    2    0
4     5.000000    6  0.666667  0.666667  0.0  ...  0.000000  0.000000    0    1    0
...        ...  ...       ...       ...  ...  ...       ...       ...  ...  ...  ...
5762  5.454545   22  0.363636  0.045455  0.0  ...  0.000000  0.000000    1    1    0
5763  5.136364   22  0.181818  0.318182  0.0  ...  0.040000  0.040000    1    0    0
5764  3.000000   17  0.235294  0.235294  0.0  ...  0.058824  0.000000    0    1    0
5765  3.000000   14  0.000000  0.142857  0.0  ...  0.000000  0.071429    0    1    0
5766  3.642857   14  0.500000  0.642857  0.0  ...  0.000000  0.105263    1    0    1

[5767 rows x 227 columns]
           0    1         2         3    ...       223  224  225  226
5767  5.666667    6  0.333333  0.000000  ...  0.000000    0    1    0
5768  4.000000    8  0.625000  1.000000  ...  0.000000    0    0    0
5769  3.416667   12  0.583333  0.416667  ...  0.000000    1    0    0
5770  3.500000    8  0.500000  0.625000  ...  0.000000    1    0    0
5771  5.000000   17  0.352941  0.411765  ...  0.047619    2    0    1
...        ...  ...       ...       ...  ...       ...  ...  ...  ...
6262  3.750000   12  0.583333  0.250000  ...  0.066667    2    0    0
6263  4.611111   18  0.222222  0.111111  ...  0.052632    0    2    0
6264  4.285714    7  0.428571  0.714286  ...  0.111111    0    2    0
6265  3.750000   16  0.437500  0.312500  ...  0.055556    1    2    1
6266  4.000000    5  0.600000  1.200000  ...  0.000000    0    0    0

[500 rows x 227 columns]
           0    1         2         3    ...       223  224  225  226
6267  3.555556    9  0.222222  0.555556  ...  0.090909    1    1    0
6268  3.538462   13  0.307692  0.384615  ...  0.066667    0    1    0
6269  2.583333   12  0.666667  0.416667  ...  0.000000    0    0    1
6270  4.695652   23  0.608696  0.434783  ...  0.000000    0    0    1
6271  4.736842   19  0.526316  0.631579  ...  0.000000    1    0    0
...        ...  ...       ...       ...  ...       ...  ...  ...  ...
7262  5.333333    9  0.444444  0.333333  ...  0.000000    0    1    0
7263  5.444444   18  0.611111  0.222222  ...  0.000000    2    0    0
7264  3.875000    8  0.750000  0.625000  ...  0.000000    0    1    0
7265  4.583333   12  0.250000  0.583333  ...  0.000000    0    1    0
7266  2.750000    8  0.500000  0.875000  ...  0.000000    0    1    0

[1000 rows x 227 columns]
SpearmanrResult(correlation=0.745704656811912, pvalue=7.241608887814792e-90)
SpearmanrResult(correlation=0.7206537777086629, pvalue=6.031835290759045e-161)
t = 0 valida_mae = 0.335257 test_MAE = 0.363860 C = 20.187500 gamma = 0.001000
0.33525672446882177
[20.1875, 0.001]
finished at Mon May  9 00:04:26 2022
Time elapsed 13.500747203826904
