start at Mon May  9 23:27:57 2022
[230, 231]
      0  1
0     3  0
1     1  1
2     2  1
3     2  0
4     1  0
...  .. ..
5762  1  0
5763  0  0
5764  1  0
5765  1  0
5766  0  1

[5767 rows x 2 columns]
      0  1
5767  1  0
5768  0  0
5769  0  0
5770  0  0
5771  0  1
...  .. ..
6262  0  0
6263  2  0
6264  2  0
6265  2  1
6266  0  0

[500 rows x 2 columns]
      0  1
6267  1  0
6268  1  0
6269  0  1
6270  0  1
6271  0  0
...  .. ..
7262  1  0
7263  0  0
7264  1  0
7265  1  0
7266  1  0

[1000 rows x 2 columns]
SpearmanrResult(correlation=-0.012195327462941517, pvalue=0.7856040243542222)
SpearmanrResult(correlation=0.025509220322610725, pvalue=0.42036130532553906)
t = 0 valida_mae = 0.542401 test_MAE = 0.531754 C = 19.562500 gamma = 0.001000
0.5424009981542974
[19.5625, 0.001]
finished at Mon May  9 23:27:58 2022
Time elapsed 1.5272340774536133
