start at Mon May  9 23:21:17 2022
[225, 226, 227]
      0         1         2
0     0  0.000000  0.062500
1     0  0.000000  0.040000
2     0  0.000000  0.000000
3     0  0.030303  0.060606
4     0  0.000000  0.000000
...  ..       ...       ...
5762  0  0.000000  0.000000
5763  0  0.040000  0.040000
5764  0  0.058824  0.000000
5765  0  0.000000  0.071429
5766  0  0.000000  0.105263

[5767 rows x 3 columns]
      0         1         2
5767  0  0.000000  0.000000
5768  0  0.000000  0.000000
5769  0  0.000000  0.000000
5770  0  0.000000  0.000000
5771  0  0.000000  0.047619
...  ..       ...       ...
6262  0  0.133333  0.066667
6263  0  0.105263  0.052632
6264  0  0.000000  0.111111
6265  0  0.000000  0.055556
6266  0  0.000000  0.000000

[500 rows x 3 columns]
      0         1         2
6267  0  0.000000  0.090909
6268  0  0.000000  0.066667
6269  0  0.000000  0.000000
6270  0  0.033333  0.000000
6271  0  0.038462  0.000000
...  ..       ...       ...
7262  0  0.000000  0.000000
7263  0  0.000000  0.000000
7264  0  0.000000  0.000000
7265  0  0.000000  0.000000
7266  0  0.000000  0.000000

[1000 rows x 3 columns]
SpearmanrResult(correlation=-0.01258502943903192, pvalue=0.7789277789704867)
SpearmanrResult(correlation=0.08325005844057683, pvalue=0.008441567170576755)
t = 0 valida_mae = 0.542259 test_MAE = 0.529743 C = 19.562500 gamma = 0.001000
0.5422594670700001
[19.5625, 0.001]
finished at Mon May  9 23:21:19 2022
Time elapsed 1.6105780601501465
